0.000000 0.000000
0.071429 0.000000
0.142857 0.000000
0.214286 0.000000
0.285714 0.000000
0.357143 0.000000
0.428571 0.000000
0.500000 0.000000
0.550000 0.000000
0.600000 0.000000
0.650000 0.000000
0.700000 0.000000
0.750000 0.000000
0.800000 0.000000
0.828571 0.000000
0.857143 0.000000
0.885714 0.000000
0.914286 0.000000
0.942857 0.000000
0.971429 0.000000
1.000000 0.000000
0.000000 0.033333
0.069446 0.035215
0.138985 0.036651
0.208848 0.037481
0.279240 0.037742
0.350204 0.037568
0.421079 0.037329
0.488710 0.037937
0.543518 0.040148
0.594512 0.043169
0.643459 0.046478
0.690594 0.049730
0.735448 0.052712
0.776790 0.055306
0.812441 0.057466
0.845574 0.059337
0.877404 0.061003
0.908502 0.062522
0.939182 0.063944
0.969635 0.065312
1.000000 0.066667
0.000000 0.066667
0.067470 0.070516
0.135106 0.073417
0.203356 0.075088
0.272664 0.075610
0.343290 0.075194
0.414529 0.074428
0.482362 0.075082
0.539155 0.079645
0.590561 0.085986
0.638691 0.092832
0.684103 0.099464
0.726755 0.105489
0.766462 0.110735
0.803299 0.115204
0.838149 0.119031
0.871683 0.122369
0.904356 0.125357
0.936488 0.128115
0.968308 0.130744
1.000000 0.133333
0.000000 0.100000
0.065456 0.106072
0.131115 0.110504
0.197644 0.113011
0.265755 0.113771
0.336137 0.112994
0.408765 0.111207
0.479741 0.110828
0.537599 0.118282
0.588977 0.128668
0.636535 0.139670
0.681116 0.150182
0.722988 0.159654
0.762340 0.167841
0.799462 0.174668
0.834849 0.180298
0.868999 0.185025
0.902320 0.189146
0.935120 0.192904
0.967623 0.196480
1.000000 0.200000
0.000000 0.133333
0.063356 0.142142
0.126909 0.148174
0.191533 0.151471
0.258216 0.152434
0.328221 0.151207
0.403042 0.147816
0.480968 0.144327
0.539124 0.156057
0.590079 0.171838
0.637355 0.188086
0.681847 0.203406
0.723802 0.217106
0.763355 0.228798
0.800397 0.237874
0.835412 0.244636
0.869157 0.249904
0.902206 0.254370
0.934913 0.258494
0.967477 0.262551
1.000000 0.266667
0.000000 0.166667
0.061116 0.179211
0.122376 0.186794
0.184839 0.190739
0.249710 0.191857
0.318784 0.190225
0.395748 0.184922
0.487044 0.174483
0.543644 0.193614
0.593802 0.216895
0.641425 0.240073
0.686931 0.261868
0.730252 0.281528
0.771299 0.298583
0.807144 0.308582
0.839740 0.313808
0.871455 0.317418
0.903164 0.320709
0.935158 0.324302
0.967468 0.328491
1.000000 0.333333
0.000000 0.200000
0.058667 0.218373
0.117397 0.226885
0.177380 0.231131
0.239925 0.232318
0.307083 0.230489
0.383373 0.224316
0.500000 0.200000
0.550000 0.233333
0.600000 0.266667
0.650000 0.300000
0.700000 0.333333
0.750000 0.366667
0.800000 0.400000
0.821108 0.392074
0.845499 0.387231
0.872881 0.385097
0.902648 0.385301
0.934123 0.387650
0.966721 0.392297
1.000000 0.400000
0.000000 0.250000
0.055880 0.261752
0.111854 0.269043
0.169010 0.272968
0.228655 0.274075
0.292801 0.272277
0.365542 0.266407
0.462500 0.250000
0.512500 0.283333
0.562500 0.316667
0.612500 0.350000
0.662500 0.383333
0.712500 0.416667
0.762500 0.450000
0.796427 0.446222
0.829123 0.443267
0.861892 0.441644
0.895322 0.441555
0.929559 0.443029
0.964516 0.445962
1.000000 0.450000
0.000000 0.300000
0.052786 0.307669
0.105703 0.313213
0.159658 0.316424
0.215831 0.317316
0.275990 0.315698
0.343285 0.310786
0.425000 0.300000
0.475000 0.333333
0.525000 0.366667
0.575000 0.400000
0.625000 0.433333
0.675000 0.466667
0.725000 0.500000
0.767804 0.497066
0.807936 0.494870
0.846671 0.493700
0.884869 0.493711
0.923029 0.494909
0.961385 0.497132
1.000000 0.500000
0.000000 0.350000
0.049427 0.355126
0.098981 0.359124
0.149365 0.361533
0.201547 0.362139
0.256954 0.360747
0.317805 0.356964
0.387500 0.350000
0.437500 0.383333
0.487500 0.416667
0.537500 0.450000
0.587500 0.483333
0.637500 0.516667
0.687500 0.550000
0.738538 0.546642
0.785609 0.544434
0.830163 0.543417
0.873267 0.543608
0.915656 0.544933
0.957804 0.547186
1.000000 0.550000
0.000000 0.400000
0.045879 0.403615
0.091820 0.406515
0.138309 0.408249
0.186069 0.408569
0.236187 0.407349
0.290216 0.404509
0.350000 0.400000
0.400000 0.433333
0.450000 0.466667
0.500000 0.500000
0.550000 0.533333
0.600000 0.566667
0.650000 0.600000
0.709643 0.595281
0.763495 0.592530
0.813654 0.591435
0.861527 0.591844
0.908108 0.593598
0.954100 0.596451
1.000000 0.600000
0.000000 0.450000
0.042268 0.452916
0.084465 0.455244
0.126846 0.456556
0.169875 0.456631
0.214335 0.455436
0.261415 0.453124
0.312500 0.450000
0.362500 0.483333
0.412500 0.516667
0.462500 0.550000
0.512500 0.583333
0.562500 0.616667
0.612500 0.650000
0.681805 0.642932
0.742380 0.639234
0.797867 0.637895
0.850233 0.638541
0.900791 0.640961
0.950478 0.644922
1.000000 0.650000
0.000000 0.500000
0.038796 0.503033
0.077323 0.505392
0.115588 0.506624
0.153757 0.506529
0.192301 0.505127
0.232204 0.502733
0.275000 0.500000
0.325000 0.533333
0.375000 0.566667
0.425000 0.600000
0.475000 0.633333
0.525000 0.666667
0.575000 0.700000
0.655766 0.689373
0.722879 0.684469
0.783271 0.682790
0.839741 0.683655
0.893953 0.686867
0.947070 0.692387
1.000000 0.700000
0.000000 0.550000
0.035763 0.554318
0.071044 0.557499
0.105583 0.559129
0.139162 0.559054
0.171743 0.557212
0.203838 0.553808
0.237500 0.550000
0.287500 0.583333
0.337500 0.616667
0.387500 0.650000
0.437500 0.683333
0.487500 0.716667
0.537500 0.750000
0.632409 0.734274
0.705533 0.728127
0.770181 0.726114
0.830248 0.727127
0.887729 0.731056
0.943950 0.738378
1.000000 0.750000
0.000000 0.600000
0.033596 0.608316
0.066655 0.613260
0.098707 0.615945
0.129116 0.616553
0.156998 0.614753
0.181174 0.609738
0.200000 0.600000
0.250000 0.633333
0.300000 0.666667
0.350000 0.700000
0.400000 0.733333
0.450000 0.766667
0.500000 0.800000
0.612690 0.777255
0.690793 0.770127
0.758766 0.767928
0.821818 0.768975
0.882159 0.773246
0.941159 0.782005
1.000000 0.800000
0.000000 0.666667
0.032882 0.671921
0.065595 0.676548
0.098033 0.680584
0.130199 0.684340
0.162314 0.688394
0.195015 0.693751
0.229643 0.702130
0.268771 0.716550
0.311710 0.735715
0.357551 0.757911
0.405710 0.781597
0.456396 0.805216
0.512393 0.825337
0.602501 0.815494
0.679502 0.810188
0.749094 0.808351
0.814400 0.809359
0.877198 0.813303
0.938712 0.820937
1.000000 0.833333
0.000000 0.733333
0.032821 0.737760
0.065674 0.742116
0.098649 0.746501
0.131909 0.751146
0.165733 0.756420
0.200556 0.762834
0.236996 0.771032
0.275813 0.781685
0.317422 0.794875
0.361975 0.810160
0.409570 0.826635
0.460816 0.842790
0.518537 0.855367
0.596095 0.852177
0.670639 0.848965
0.740840 0.847699
0.807820 0.848606
0.872716 0.851895
0.936488 0.857928
1.000000 0.866667
0.000000 0.800000
0.032579 0.803703
0.065253 0.807428
0.098184 0.811285
0.131579 0.815427
0.165719 0.820059
0.200978 0.825433
0.237847 0.831842
0.276899 0.839563
0.318570 0.848708
0.363133 0.859108
0.410827 0.870201
0.462321 0.880865
0.519972 0.888832
0.590832 0.888642
0.663183 0.887033
0.733581 0.886295
0.801862 0.887043
0.868586 0.889544
0.934414 0.893967
1.000000 0.900000
0.000000 0.866667
0.031794 0.869335
0.063689 0.872022
0.095864 0.874805
0.128547 0.877775
0.162056 0.881041
0.196860 0.884736
0.233660 0.889016
0.273300 0.894049
0.315840 0.899896
0.361196 0.906441
0.409354 0.913321
0.460789 0.919819
0.517535 0.924632
0.585350 0.925406
0.656361 0.924773
0.726928 0.924413
0.796314 0.924944
0.864687 0.926614
0.932437 0.929508
1.000000 0.933333
0.000000 0.933333
0.030390 0.934712
0.060853 0.936096
0.091520 0.937522
0.122578 0.939031
0.154339 0.940668
0.187414 0.942489
0.223278 0.944575
0.264815 0.947079
0.309529 0.949982
0.356553 0.953192
0.405461 0.956511
0.456434 0.959596
0.511287 0.961896
0.578957 0.962565
0.649667 0.962398
0.720570 0.962263
0.790987 0.962534
0.860908 0.963365
0.930506 0.964797
1.000000 0.966667
0.000000 1.000000
0.028571 1.000000
0.057143 1.000000
0.085714 1.000000
0.114286 1.000000
0.142857 1.000000
0.171429 1.000000
0.200000 1.000000
0.250000 1.000000
0.300000 1.000000
0.350000 1.000000
0.400000 1.000000
0.450000 1.000000
0.500000 1.000000
0.571429 1.000000
0.642857 1.000000
0.714286 1.000000
0.785714 1.000000
0.857143 1.000000
0.928571 1.000000
1.000000 1.000000