0 0.002415 0.209504
1 0.002535 0.213108
2 0.002620 0.216025
3 0.002668 0.217987
4 0.002680 0.218890
5 0.002664 0.218580
6 0.002619 0.216717
7 0.002056 0.185102
8 0.002113 0.185268
9 0.002228 0.189511
10 0.002349 0.194795
11 0.002447 0.200248
12 0.002491 0.206086
13 0.001832 0.183953
14 0.001815 0.181899
15 0.001825 0.182465
16 0.001848 0.184062
17 0.001877 0.186122
18 0.001909 0.188442
19 0.001945 0.190970
20 0.002352 0.205741
21 0.002478 0.209578
22 0.002574 0.213114
23 0.002638 0.216143
24 0.002670 0.218282
25 0.002651 0.218047
26 0.002518 0.210826
27 0.002156 0.189249
28 0.002127 0.185615
29 0.002186 0.187271
30 0.002251 0.189895
31 0.002277 0.191672
32 0.002230 0.191346
33 0.002083 0.187664
34 0.002019 0.186857
35 0.001995 0.187359
36 0.001991 0.188548
37 0.002002 0.190162
38 0.002022 0.192085
39 0.002051 0.194304
40 0.002294 0.202263
41 0.002432 0.206421
42 0.002538 0.210499
43 0.002618 0.214557
44 0.002674 0.218266
45 0.002674 0.219592
46 0.002517 0.211883
47 0.002145 0.189822
48 0.002103 0.185592
49 0.002158 0.187027
50 0.002217 0.189391
51 0.002242 0.191107
52 0.002226 0.191797
53 0.002178 0.191694
54 0.002137 0.191835
55 0.002109 0.192245
56 0.002095 0.192919
57 0.002093 0.193890
58 0.002102 0.195171
59 0.002122 0.196772
60 0.002243 0.199167
61 0.002399 0.203682
62 0.002511 0.208131
63 0.002605 0.213139
64 0.002690 0.218818
65 0.002740 0.223626
66 0.002605 0.219556
67 0.002054 0.188991
68 0.002054 0.186750
69 0.002158 0.190411
70 0.002253 0.194511
71 0.002310 0.197752
72 0.002327 0.199863
73 0.002294 0.200061
74 0.002240 0.199047
75 0.002191 0.197849
76 0.002159 0.197028
77 0.002143 0.196795
78 0.002142 0.197176
79 0.002154 0.198088
80 0.002203 0.196826
81 0.002385 0.201588
82 0.002495 0.206015
83 0.002596 0.211735
84 0.002715 0.219582
85 0.002852 0.230003
86 0.002841 0.238473
87 0.001861 0.187663
88 0.002008 0.191679
89 0.002226 0.200311
90 0.002400 0.208340
91 0.002524 0.215135
92 0.002601 0.220674
93 0.002490 0.216616
94 0.002331 0.209011
95 0.002222 0.202934
96 0.002161 0.199128
97 0.002135 0.197315
98 0.002136 0.197145
99 0.002157 0.198279
100 0.002190 0.196438
101 0.002407 0.200709
102 0.002489 0.204194
103 0.002585 0.210139
104 0.002731 0.219833
105 0.002983 0.236908
106 0.003379 0.280936
107 0.001485 0.188680
108 0.002063 0.205771
109 0.002469 0.223750
110 0.002839 0.243736
111 0.003219 0.267716
112 0.003636 0.297341
113 0.002611 0.249812
114 0.002234 0.216180
115 0.002082 0.200727
116 0.002032 0.193935
117 0.002032 0.191708
118 0.002067 0.192675
119 0.002149 0.197527
120 0.002695 0.212048
121 0.002486 0.201780
122 0.002488 0.202611
123 0.002565 0.208129
124 0.002719 0.218766
125 0.003028 0.239390
126 0.004354 0.325683
127 0.003750 0.245185
128 0.003750 0.245186
129 0.003750 0.245185
130 0.003750 0.245185
131 0.003750 0.245186
132 0.003750 0.245185
133 0.001251 0.178691
134 0.001492 0.175584
135 0.001667 0.176259
136 0.001783 0.177532
137 0.001845 0.178127
138 0.001854 0.177284
139 0.001789 0.173582
140 0.002621 0.206464
141 0.002482 0.200271
142 0.002462 0.200388
143 0.002521 0.205389
144 0.002668 0.216016
145 0.002968 0.236661
146 0.003810 0.292908
147 0.003750 0.245185
148 0.003750 0.245186
149 0.003750 0.245185
150 0.003750 0.245185
151 0.003750 0.245186
152 0.003750 0.245185
153 0.001824 0.197888
154 0.001801 0.187152
155 0.001828 0.181581
156 0.001866 0.179057
157 0.001894 0.177930
158 0.001901 0.177055
159 0.001880 0.175700
160 0.002501 0.200608
161 0.002416 0.196898
162 0.002398 0.197161
163 0.002445 0.201678
164 0.002571 0.211555
165 0.002826 0.230090
166 0.003361 0.267707
167 0.003750 0.245185
168 0.003750 0.245186
169 0.003750 0.245185
170 0.003750 0.245185
171 0.003750 0.245186
172 0.003750 0.245185
173 0.002231 0.214123
174 0.002105 0.199245
175 0.002046 0.190065
176 0.002026 0.184916
177 0.002024 0.182381
178 0.002026 0.181375
179 0.002026 0.181193
180 0.002354 0.194332
181 0.002307 0.192295
182 0.002298 0.192898
183 0.002333 0.196895
184 0.002431 0.205519
185 0.002624 0.221062
186 0.002971 0.247466
187 0.003750 0.245185
188 0.003750 0.245186
189 0.003750 0.245185
190 0.003750 0.245185
191 0.003750 0.245186
192 0.003750 0.245185
193 0.002595 0.230052
194 0.002377 0.210556
195 0.002255 0.198450
196 0.002193 0.191400
197 0.002170 0.187915
198 0.002172 0.186940
199 0.002192 0.187731
200 0.002194 0.187823
201 0.002174 0.187008
202 0.002170 0.187852
203 0.002190 0.191155
204 0.002250 0.198145
205 0.002379 0.210565
206 0.002607 0.230140
207 0.003750 0.245185
208 0.003750 0.245186
209 0.003750 0.245185
210 0.003750 0.245185
211 0.003750 0.245186
212 0.003750 0.245185
213 0.002955 0.247181
214 0.002620 0.221052
215 0.002438 0.205998
216 0.002342 0.197357
217 0.002304 0.193198
218 0.002311 0.192456
219 0.002357 0.194425
220 0.002034 0.181520
221 0.002036 0.181751
222 0.002032 0.182658
223 0.002029 0.184953
224 0.002042 0.189839
225 0.002099 0.199039
226 0.002240 0.214134
227 0.003750 0.245185
228 0.003750 0.245186
229 0.003750 0.245185
230 0.003750 0.245185
231 0.003750 0.245186
232 0.003750 0.245185
233 0.003337 0.266869
234 0.002829 0.230482
235 0.002585 0.212386
236 0.002459 0.202373
237 0.002408 0.197653
238 0.002424 0.197247
239 0.002507 0.200844
240 0.001894 0.176312
241 0.001921 0.177882
242 0.001916 0.178796
243 0.001883 0.179713
244 0.001832 0.181713
245 0.001786 0.186668
246 0.001824 0.197683
247 0.003750 0.245185
248 0.003750 0.245186
249 0.003750 0.245185
250 0.003750 0.245185
251 0.003750 0.245186
252 0.003750 0.245185
253 0.003767 0.290778
254 0.002992 0.238264
255 0.002691 0.217331
256 0.002539 0.206307
257 0.002476 0.201044
258 0.002495 0.200821
259 0.002630 0.206814
260 0.001810 0.174674
261 0.001889 0.178826
262 0.001886 0.179906
263 0.001831 0.179595
264 0.001716 0.178343
265 0.001518 0.176713
266 0.001186 0.177920
267 0.003750 0.245185
268 0.003750 0.245186
269 0.003750 0.245185
270 0.003750 0.245185
271 0.003750 0.245186
272 0.003750 0.245185
273 0.004275 0.320954
274 0.003098 0.243610
275 0.002751 0.220543
276 0.002585 0.209169
277 0.002504 0.203352
278 0.002506 0.202615
279 0.002710 0.212490
280 0.002167 0.198185
281 0.002091 0.193371
282 0.002065 0.192792
283 0.002071 0.195238
284 0.002118 0.201938
285 0.002240 0.216806
286 0.002502 0.248313
287 0.003552 0.293446
288 0.003138 0.262456
289 0.002775 0.239459
290 0.002416 0.220763
291 0.002013 0.203688
292 0.001442 0.186876
293 0.003241 0.273385
294 0.002969 0.236806
295 0.002747 0.220811
296 0.002602 0.210998
297 0.002502 0.204836
298 0.002410 0.201004
299 0.002189 0.196402
300 0.002177 0.198922
301 0.002154 0.197586
302 0.002149 0.197441
303 0.002166 0.198715
304 0.002211 0.201542
305 0.002288 0.205962
306 0.002398 0.211576
307 0.002522 0.216761
308 0.002524 0.215621
309 0.002423 0.209905
310 0.002246 0.201673
311 0.002023 0.192687
312 0.001836 0.187063
313 0.002796 0.236158
314 0.002826 0.228812
315 0.002717 0.219810
316 0.002606 0.212299
317 0.002505 0.206547
318 0.002390 0.201952
319 0.002206 0.197031
320 0.002169 0.198517
321 0.002152 0.197283
322 0.002145 0.196520
323 0.002152 0.196301
324 0.002174 0.196606
325 0.002211 0.197314
326 0.002257 0.198189
327 0.002302 0.198764
328 0.002313 0.198046
329 0.002275 0.195669
330 0.002187 0.191879
331 0.002078 0.188008
332 0.002048 0.188875
333 0.002591 0.218822
334 0.002722 0.222616
335 0.002687 0.218678
336 0.002610 0.213440
337 0.002518 0.208521
338 0.002404 0.204007
339 0.002247 0.199405
340 0.002130 0.196998
341 0.002106 0.195143
342 0.002092 0.193626
343 0.002089 0.192453
344 0.002099 0.191634
345 0.002125 0.191203
346 0.002167 0.191243
347 0.002222 0.191698
348 0.002248 0.191468
349 0.002234 0.190220
350 0.002183 0.188132
351 0.002125 0.186560
352 0.002151 0.190016
353 0.002517 0.211733
354 0.002663 0.218905
355 0.002670 0.218016
356 0.002620 0.214672
357 0.002542 0.210744
358 0.002436 0.206659
359 0.002297 0.202463
360 0.002054 0.194385
361 0.002022 0.192031
362 0.002000 0.189999
363 0.001987 0.188326
364 0.001989 0.187141
365 0.002016 0.186769
366 0.002090 0.188014
367 0.002239 0.191796
368 0.002282 0.191935
369 0.002263 0.190422
370 0.002204 0.188014
371 0.002144 0.186290
372 0.002168 0.189650
373 0.002525 0.210982
374 0.002647 0.217645
375 0.002668 0.218067
376 0.002639 0.216151
377 0.002576 0.213230
378 0.002480 0.209711
379 0.002354 0.205866
380 0.001946 0.190973
381 0.001909 0.188391
382 0.001875 0.186030
383 0.001846 0.183944
384 0.001823 0.182337
385 0.001813 0.181821
386 0.001840 0.184302
387 0.002503 0.206683
388 0.002455 0.200681
389 0.002362 0.195315
390 0.002243 0.190116
391 0.002127 0.185810
392 0.002068 0.185555
393 0.002630 0.217027
394 0.002666 0.218536
395 0.002680 0.218802
396 0.002668 0.217937
397 0.002620 0.216018
398 0.002535 0.213125
399 0.002415 0.209537
